,train_weeks,test_weeks,horizon,model,mae,mse,rmse,nrmse,mase
0,0-52,53-104,0,SNaive,0.04279164544065206,0.0025756768301583135,0.050751126393000515,0.4177095845669142,1.0
1,0-52,53-104,0,SARIMAX,0.06654252404896296,0.007809455680310069,0.08837112469755078,0.7273427883999818,1.555035413191837
2,0-52,53-104,0,RF,0.040730964284341094,0.002466362669163542,0.04966248754506304,0.4087494902156274,0.9518438439304949
3,0-52,53-104,0,XGB,0.040222392304205136,0.002418744618181167,0.04918073421758938,0.40478439630373136,0.9399590011089843
4,0-52,53-104,0,ENet,0.03895772992713203,0.0023236351772994226,0.048204099175271624,0.39674615465681684,0.910405045797145
5,0-52,53-104,1,SNaive,0.044767433633327684,0.002781370958867743,0.05273870456190352,0.4280547308009617,1.0
6,0-52,53-104,1,SARIMAX,0.13768858136680795,0.022660484880519288,0.1505339990849884,1.2218121584515307,3.075641603549593
7,0-52,53-104,1,RF,0.03729868142292259,0.0021491566421149707,0.04635899742353118,0.37627371258312664,0.8331655043802895
8,0-52,53-104,1,XGB,0.039815156618152686,0.0024122225211134474,0.0491143820190527,0.39863784573896976,0.8893776879028372
9,0-52,53-104,1,ENet,0.039115590067186345,0.002328014656088324,0.048249504205621886,0.3916180479893056,0.8737510036328339
10,0-52,53-104,2,SNaive,0.04706868738325692,0.003137455396864934,0.056012993107536525,0.4483418576307279,1.0
11,0-52,53-104,2,SARIMAX,0.11825838386533125,0.01703335122159595,0.13051188153419577,1.044649395856866,2.512464027356702
12,0-52,53-104,2,RF,0.03259848253725875,0.0017058065980896466,0.041301411575025454,0.33058671856310223,0.6925725859279974
13,0-52,53-104,2,XGB,0.03581745700001136,0.0019818668041600117,0.044518162632346044,0.35633439003293255,0.7609614584823159
14,0-52,53-104,2,ENet,0.0388813074339608,0.0022736828269343404,0.04768315034615834,0.38166773489212935,0.8260546362249206
15,0-52,53-104,3,SNaive,0.04710052640516216,0.003204453096687584,0.056607888996919715,0.44761534336750164,1.0
16,0-52,53-104,3,SARIMAX,0.08374389690374724,0.009850376145167148,0.09924906118028094,0.7847917204884819,1.777982186088031
17,0-52,53-104,3,RF,0.028883914227086464,0.0012446864533444198,0.035280114134515206,0.2789703110678616,0.6132397327924731
18,0-52,53-104,3,XGB,0.03205063416453204,0.0014983500097824427,0.038708526318918975,0.306079781573125,0.6804729503197088
19,0-52,53-104,3,ENet,0.03574898293680474,0.0019089906383181346,0.04369199741735476,0.34548556345998765,0.75899327810669
20,0-52,53-104,4,SNaive,0.046938678043810494,0.003096034821745523,0.055642023882543336,0.4385151509005727,1.0
21,0-52,53-104,4,SARIMAX,0.0388196856104447,0.002179749340712909,0.046687785776505925,0.3679467423438066,0.8270298020368643
22,0-52,53-104,4,RF,0.02825824502662942,0.0012411312931127959,0.03522969334400735,0.2776454416097371,0.6020247310811442
23,0-52,53-104,4,XGB,0.028569395730393497,0.0012192202062734439,0.03491733389411975,0.2751837347603992,0.6086536076650493
24,0-52,53-104,4,ENet,0.03314326963837935,0.0016318033795836055,0.040395586139869356,0.31835787622023143,0.7060972106509877
25,0-52,53-104,5,SNaive,0.045516535065376125,0.002899862821414028,0.05385037438508694,0.4241704548557618,1.0
26,0-52,53-104,5,SARIMAX,0.05955165815151624,0.005056056249919918,0.07110595087557664,0.5600897648391735,1.3083521859908984
27,0-52,53-104,5,RF,0.03191080018841126,0.0015250185089475587,0.039051485361603834,0.30760206401112616,0.7010814892341272
28,0-52,53-104,5,XGB,0.031784141815348214,0.0015271040203419725,0.039078178314015256,0.30781231996375574,0.698298799978868
29,0-52,53-104,5,ENet,0.03258143349621581,0.0015778966228899396,0.039722746920246334,0.31288947981664056,0.7158153284167738
30,0-52,53-104,6,SNaive,0.04422086375728761,0.002711900681499283,0.05207591268042532,0.41026476652757965,1.0
31,0-52,53-104,6,SARIMAX,0.057568932308060844,0.004500116235980946,0.06708290569124854,0.5284929485596286,1.3018500186707338
32,0-52,53-104,6,RF,0.03302677734103646,0.0016673685406843448,0.040833424307598114,0.321694127434379,0.7468596163636366
33,0-52,53-104,6,XGB,0.030161990046884083,0.0013840193156396884,0.037202410078376484,0.293088249431786,0.6820760040426253
34,0-52,53-104,6,ENet,0.03261163986026146,0.0015654368856707517,0.03956560230390473,0.3117059645473307,0.737471797006386
35,0-52,53-104,7,SNaive,0.04369640431312617,0.0027046799334490257,0.052006537410685456,0.4108891481623701,1.0
36,0-52,53-104,7,SARIMAX,0.04697708401012658,0.0031617715869567227,0.05622963264113258,0.44425464581402613,1.0750789395276377
37,0-52,53-104,7,RF,0.035252972882525886,0.001855606368657882,0.043076749745748946,0.34033738621863563,0.8067705669762872
38,0-52,53-104,7,XGB,0.03495788549758815,0.0017754246620868617,0.042135788376235016,0.3329031128594976,0.8000174395833981
39,0-52,53-104,7,ENet,0.03336266862870946,0.0015869501225154571,0.039836542552227815,0.31473741283256024,0.7635106172497467
40,0-52,53-104,8,SNaive,0.04338862710137545,0.0026970137635085856,0.05193278120328802,0.4076063620240409,1.0
41,0-52,53-104,8,SARIMAX,0.04132987294566916,0.0023543374101351634,0.04852151492003484,0.3808322550458445,0.9525508343258682
42,0-52,53-104,8,RF,0.0373879579254855,0.0020104717798100575,0.0448382847554415,0.351923577075945,0.8616994918537139
43,0-52,53-104,8,XGB,0.038702740488694,0.002132331874090804,0.04617717914826331,0.36243219725663994,0.8920019616722811
44,0-52,53-104,8,ENet,0.03565222323980644,0.0018252629848784204,0.04272309662089606,0.3353220371517959,0.8216951220075881
45,0-104,105-156,0,SNaive,0.03895239004924436,0.0025963481722829133,0.050954373436270545,0.3470734502337972,1.0
46,0-104,105-156,0,SARIMAX,0.0606207773908272,0.004570539043255857,0.06760576190870018,0.4604936428211448,1.55627876272006
47,0-104,105-156,0,RF,0.04467507291599283,0.002619700475368234,0.05118300963570073,0.34863079554555587,1.1469148070121948
48,0-104,105-156,0,XGB,0.048294489019484854,0.003147773821630342,0.05610502492317726,0.38215688394039354,1.2398337806340003
49,0-104,105-156,0,ENet,0.03636157508436554,0.0021061755556395995,0.04589308832100537,0.31259873159616935,0.9334876509091364
50,0-104,105-156,1,SNaive,0.04521583319182657,0.003071416913957286,0.055420365516272864,0.3805792959992198,1.0
51,0-104,105-156,1,SARIMAX,0.049638590927604795,0.004578769311760208,0.06766660410985767,0.46467590595781866,1.0978143588997868
52,0-104,105-156,1,RF,0.043931322183891834,0.0027203056483393138,0.052156549428996106,0.3581662206397296,0.9715915661116926
53,0-104,105-156,1,XGB,0.05145965273660042,0.0034378102013908735,0.05863284234446488,0.40263981758362066,1.1380892290159659
54,0-104,105-156,1,ENet,0.03536025417656369,0.001962494249981157,0.044300047968158646,0.30421454119610675,0.7820325686922336
55,0-104,105-156,2,SNaive,0.049553899926416484,0.0036274394877144848,0.06022822832953403,0.41981946374453133,1.0
56,0-104,105-156,2,SARIMAX,0.04937449889541761,0.004621907770610391,0.06798461421976587,0.47388517106064715,0.9963796788695689
57,0-104,105-156,2,RF,0.0484936563030089,0.0032487658389244493,0.05699794591846665,0.39730285538378546,0.9786042344803949
58,0-104,105-156,2,XGB,0.05355336080559524,0.004009358599011929,0.06331949619992194,0.44136707448506785,1.0807093061316593
59,0-104,105-156,2,ENet,0.036698152635351915,0.0018850452558170226,0.04341710787025113,0.3026379398659679,0.7405704231119183
60,0-104,105-156,3,SNaive,0.05021632846550065,0.004064786474089497,0.06375567797529486,0.4509883387460911,1.0
61,0-104,105-156,3,SARIMAX,0.05110437765450534,0.005022802684555446,0.0708717340309622,0.5013251620830347,1.0176844706919341
62,0-104,105-156,3,RF,0.047288884577705644,0.003251831455590173,0.057024831920753374,0.4033763741824078,0.9417033467549065
63,0-104,105-156,3,XGB,0.04988654565330519,0.00351073863183313,0.059251486325940635,0.4191270524442905,0.9934327573864341
64,0-104,105-156,3,ENet,0.03977325044598142,0.002278243074236032,0.047730944619146516,0.3376342328115759,0.7920382007479146
65,0-104,105-156,4,SNaive,0.05330382917303446,0.004589158509645138,0.06774332815595302,0.4806360758384727,1.0
66,0-104,105-156,4,SARIMAX,0.07448104063962799,0.00856487078577455,0.09254658711035513,0.6566141592359251,1.397292498402849
67,0-104,105-156,4,RF,0.04774111145196273,0.0033587983285742295,0.05795514065701359,0.41118929551154504,0.8956413111895942
68,0-104,105-156,4,XGB,0.049328400056857485,0.0035229058077389996,0.059354071534638626,0.42111465149410143,0.9254194458849857
69,0-104,105-156,4,ENet,0.04236404929930929,0.002641621570092632,0.051396707774843245,0.36465748891238325,0.7947655910757828
70,0-104,105-156,5,SNaive,0.05155710505462162,0.004754276294515644,0.06895126028228667,0.48927077634588156,1.0
71,0-104,105-156,5,SARIMAX,0.06305027876068246,0.007039119155986066,0.08389945861557192,0.5953415946827229,1.2229212383799386
72,0-104,105-156,5,RF,0.047642862266861985,0.003057297098003345,0.055292830439428085,0.3923520174207756,0.9240794690932951
73,0-104,105-156,5,XGB,0.048475525019784346,0.003171674999195682,0.056317626008166234,0.3996238572893957,0.9402297698528161
74,0-104,105-156,5,ENet,0.043450527342687936,0.002862247932861965,0.05349998068094945,0.37963014707915815,0.8427650717908762
75,0-104,105-156,6,SNaive,0.05189406803645214,0.004761190685367759,0.06900138176419193,0.48876450646321473,1.0
76,0-104,105-156,6,SARIMAX,0.055714985571329936,0.00581147487600904,0.07623303008544945,0.5399891766406056,1.0736291772730913
77,0-104,105-156,6,RF,0.047537848124889384,0.002949615379054487,0.0543103616177842,0.38470210904864016,0.9160555324261185
78,0-104,105-156,6,XGB,0.047843837745354015,0.0029870130704687803,0.05465357326350017,0.38713321501118547,0.9219519601305277
79,0-104,105-156,6,ENet,0.044533029470764526,0.0029247777927479835,0.05408121478617121,0.38307896998682134,0.8581526011698105
80,0-104,105-156,7,SNaive,0.054434998867945894,0.0050476512199825,0.07104682413720194,0.4994577866551722,1.0
81,0-104,105-156,7,SARIMAX,0.07678678427385924,0.008209786129972505,0.09060787013263531,0.6369715581176659,1.410614234789214
82,0-104,105-156,7,RF,0.04569542461743757,0.002829739827238733,0.05319529892047542,0.3739619128924415,0.839449353683102
83,0-104,105-156,7,XGB,0.04724851903686596,0.003186963490299979,0.05645319734346301,0.39686487520290914,0.8679805275919331
84,0-104,105-156,7,ENet,0.04369284930615888,0.0028534942204006515,0.053418107607820134,0.37552825361463665,0.8026609757474885
85,0-104,105-156,8,SNaive,0.05712716505348955,0.005439338578238849,0.0737518716931228,0.5212874682812629,1.0
86,0-104,105-156,8,SARIMAX,0.051332528396087304,0.004525386459681459,0.06727099270622858,0.47547980371957355,0.8985660035470588
87,0-104,105-156,8,RF,0.04408554168115427,0.0028480721290101907,0.053367332039462034,0.37720698836678906,0.771708899608022
88,0-104,105-156,8,XGB,0.04558495380624976,0.003234335679792316,0.05687122013630722,0.40197290837957705,0.7979558195049145
89,0-104,105-156,8,ENet,0.0437871783600301,0.002814219244140544,0.053049215301835935,0.3749584994136542,0.7664861072491713
90,0-156,157-208,0,SNaive,0.0759519867549669,0.00782050230056782,0.08843360391032258,0.602114910566611,1.0
91,0-156,157-208,0,SARIMAX,0.05516837819367508,0.005919150742205081,0.07693601719744193,0.5238316778445994,0.7263585924573241
92,0-156,157-208,0,RF,0.05862707368316675,0.005415762503248727,0.07359186438220414,0.5010624568219,0.771896512362566
93,0-156,157-208,0,XGB,0.05941431472129522,0.0054732689826129935,0.07398154487852354,0.5037156613371072,0.7822614951860994
94,0-156,157-208,0,ENet,0.05548821783936559,0.0047292725879731,0.06876970690626143,0.46822999507681845,0.7305696692093039
95,0-156,157-208,1,SNaive,0.07829569253410312,0.008223429941844156,0.09068312931215021,0.618466512146214,1.0
96,0-156,157-208,1,SARIMAX,0.08944347282609019,0.011840187867825983,0.10881262733628842,0.7421112021232737,1.1423805056342204
97,0-156,157-208,1,RF,0.056472543132132264,0.0050497932784206705,0.07106189751491773,0.48464807330655607,0.7212726690875697
98,0-156,157-208,1,XGB,0.05647953071704714,0.004885759685883363,0.06989820946121125,0.4767116236354745,0.7213619151838582
99,0-156,157-208,1,ENet,0.055373351732320594,0.004714985362626393,0.0686657510162555,0.4683061541551132,0.7072336924308028
100,0-156,157-208,2,SNaive,0.07990444755759325,0.008495141321589562,0.09216909092309396,0.6248582577011246,1.0
101,0-156,157-208,2,SARIMAX,0.11133826644535533,0.016373434232119146,0.12795872081307763,0.8674932403493032,1.3933926064016062
102,0-156,157-208,2,RF,0.05341678308124423,0.00488959264828988,0.06992562225886789,0.47405916729504455,0.6685082584763841
103,0-156,157-208,2,XGB,0.05412876187838632,0.0049112747603030004,0.07008048772877512,0.47510907422951826,0.6774186360449033
104,0-156,157-208,2,ENet,0.053265270464061105,0.004447875249438734,0.06669239274039232,0.45213956123808297,0.6666120859626586
105,0-156,157-208,3,SNaive,0.07923671251485821,0.00855498896491936,0.09249318334298674,0.622312929853349,1.0
106,0-156,157-208,3,SARIMAX,0.11594425367795219,0.017244143799497093,0.1313169592988548,0.8835271825131717,1.4632643126910483
107,0-156,157-208,3,RF,0.05216577222695289,0.0047520360906550315,0.06893501353198556,0.46380877692888917,0.6583535658066447
108,0-156,157-208,3,XGB,0.05203194231886748,0.0049152871148284835,0.07010910864380236,0.4717083273882108,0.6566645771568402
109,0-156,157-208,3,ENet,0.05056930290489525,0.0041065677331379065,0.06408250723198887,0.4311601286335362,0.6382054643598781
110,0-156,157-208,4,SNaive,0.07957102224486332,0.00865096141767578,0.09301054465852665,0.6240855649381657,1.0
111,0-156,157-208,4,SARIMAX,0.09328197001578666,0.011756927885638722,0.10842936818795322,0.7275433527446143,1.1723108159743223
112,0-156,157-208,4,RF,0.05385160191498014,0.004738055320803824,0.06883353340344969,0.461861767808107,0.6767740365237863
113,0-156,157-208,4,XGB,0.05202131571542642,0.00463504504076882,0.06808116509555943,0.45681349933279475,0.6537721176352569
114,0-156,157-208,4,ENet,0.04893188667707252,0.0038852961328524,0.06233214365680359,0.41823850436184923,0.6149460607216379
115,0-156,157-208,5,SNaive,0.08044924859908303,0.008614234631810956,0.092812901214276,0.6236735723303557,1.0
116,0-156,157-208,5,SARIMAX,0.05404018243983923,0.005229696860014453,0.07231664303612587,0.48594514890934587,0.671730107873937
117,0-156,157-208,5,RF,0.05250701055478302,0.004745124662506958,0.06888486526449013,0.4628846791440633,0.652672479471505
118,0-156,157-208,5,XGB,0.05040590852147293,0.004532490872805715,0.06732377643006753,0.4523946520319745,0.6265553675046688
119,0-156,157-208,5,ENet,0.04858303122862896,0.003782983546184259,0.06150596350098305,0.41330077472439025,0.6038966438423977
120,0-156,157-208,6,SNaive,0.08066504641421858,0.008610381657213827,0.092792142216967,0.6273969329423603,1.0
121,0-156,157-208,6,SARIMAX,0.04714700764339929,0.004433129505002805,0.06658175054024042,0.4501802101001821,0.5844787766103464
122,0-156,157-208,6,RF,0.050958537975970504,0.004663870380918778,0.06829253532355332,0.4617473654684167,0.6317301017134008
123,0-156,157-208,6,XGB,0.05207855302498665,0.004723015287538822,0.06872419724914088,0.4646659678598604,0.6456148646783264
124,0-156,157-208,6,ENet,0.048608661817662505,0.003735584531061574,0.06111942842551437,0.4132477278916216,0.602598820411692
125,0-156,157-208,7,SNaive,0.0806031372049584,0.008416637167543446,0.0917422321918507,0.626214713234244,1.0
126,0-156,157-208,7,SARIMAX,0.048058642388117294,0.004727841341602942,0.06875930003718,0.46933766844616626,0.5962378643639308
127,0-156,157-208,7,RF,0.052367445141138676,0.0048495085158983525,0.06963841264631433,0.4753383208968111,0.649694874877863
128,0-156,157-208,7,XGB,0.05346504189378735,0.004951199985879255,0.07036476380887847,0.48029625329179887,0.6633121705652218
129,0-156,157-208,7,ENet,0.04952555243182204,0.0037548878501051305,0.061277139702381106,0.4182658907437165,0.6144370324679548
130,0-156,157-208,8,SNaive,0.07822936123846719,0.008290360407406511,0.09105141628446266,0.6225516498004252,1.0
131,0-156,157-208,8,SARIMAX,0.07055232703008416,0.007926362531032538,0.08903012148162294,0.6087313220604422,0.9018650531354708
132,0-156,157-208,8,RF,0.047398758897350665,0.004317490993712755,0.0657076174709809,0.4492668794213453,0.605894745233374
133,0-156,157-208,8,XGB,0.04972398406444037,0.0046415400676380865,0.0681288490115464,0.46582172009970046,0.635617922443037
134,0-156,157-208,8,ENet,0.049172347772795805,0.00370569437568573,0.0608744147872136,0.41622051476954547,0.6285663975051943
135,0-208,209-260,0,SNaive,0.08368886907794194,0.009456143544143843,0.09724270432348045,0.9924106331333261,1.0
136,0-208,209-260,0,SARIMAX,0.04602611137661371,0.003781864060369774,0.06149686219938196,0.6276063626118745,0.5499669416460654
137,0-208,209-260,0,RF,0.04659847068900199,0.0028677128304102862,0.0535510301526524,0.5465151561596707,0.556806074719488
138,0-208,209-260,0,XGB,0.04584992501051585,0.002823726434088716,0.053138747012784524,0.5423075996677676,0.5478616871714976
139,0-208,209-260,0,ENet,0.046220501150906625,0.00279970497582011,0.052912238431388536,0.5399959658414853,0.5522897090156648
140,0-208,209-260,1,SNaive,0.08553553234844626,0.00961900639849021,0.09807653337312759,0.9818838265149185,1.0
141,0-208,209-260,1,SARIMAX,0.04888742794659162,0.004159801022390841,0.06449651945950914,0.6457007313142684,0.5715452584949003
142,0-208,209-260,1,RF,0.045857781447175006,0.00292799194399715,0.05411092259421521,0.5417263223499912,0.5361255163569226
143,0-208,209-260,1,XGB,0.044901541287521524,0.0028986693350668584,0.053839291740018815,0.539006916052226,0.5249460669117721
144,0-208,209-260,1,ENet,0.047054821731322555,0.0029352392442046414,0.05417784827957494,0.542396342443209,0.5501201715754248
145,0-208,209-260,2,SNaive,0.08672065149714155,0.009815123407460595,0.09907130466215025,0.9805561565637021,1.0
146,0-208,209-260,2,SARIMAX,0.046680036228021,0.0039919929389070526,0.06318222011695263,0.625344696249973,0.5382805066859957
147,0-208,209-260,2,RF,0.04571053722143976,0.0030403587966020243,0.05513944864252838,0.5457415345476463,0.5271009434580465
148,0-208,209-260,2,XGB,0.04521408401505141,0.0030730841057203763,0.055435404803432044,0.5486707544326239,0.5213762031820268
149,0-208,209-260,2,ENet,0.047470683700890026,0.0030024480152535294,0.05479459841310573,0.5423283866466884,0.5473976830357962
150,0-208,209-260,3,SNaive,0.08719469915661968,0.009822481837284049,0.09910843474338624,0.9778763470202267,1.0
151,0-208,209-260,3,SARIMAX,0.04690706328279081,0.0039552570530892,0.06289083441241021,0.6205269972782582,0.5379577398224179
152,0-208,209-260,3,RF,0.05033513141652319,0.0038907126650320483,0.06237557747253366,0.615443095232505,0.5772728377227485
153,0-208,209-260,3,XGB,0.05046829312370083,0.004026079332242711,0.06345139346178862,0.626057883089487,0.5788000143569434
154,0-208,209-260,3,ENet,0.04774430237888361,0.00307290574153505,0.055433796023139616,0.5469503992967616,0.5475596893008942
155,0-208,209-260,4,SNaive,0.08739634629535292,0.009683932323187455,0.09840697293986568,0.9621561293230156,1.0
156,0-208,209-260,4,SARIMAX,0.046731485937628145,0.003961661940812955,0.06294173449161498,0.6154012649930403,0.5347075469230796
157,0-208,209-260,4,RF,0.04955874326972931,0.00366863944250602,0.06056929455182733,0.592205168605518,0.5670573813491843
158,0-208,209-260,4,XGB,0.05052556904116011,0.0038114662776886038,0.06173707377005006,0.6036229157319909,0.5781199235767901
159,0-208,209-260,4,ENet,0.04794703117140576,0.0031080014872170974,0.05574945279746786,0.5450800498483563,0.5486159685597202
160,0-208,209-260,5,SNaive,0.08745118016641196,0.00978464713005436,0.09891737526872799,0.9588221761868828,1.0
161,0-208,209-260,5,SARIMAX,0.04189032401669601,0.003211813395912915,0.056672862958499944,0.5493392606201596,0.4790138216200443
162,0-208,209-260,5,RF,0.04870086773180224,0.0037989789348437425,0.061635857541237654,0.5974463727761035,0.5568920583933658
163,0-208,209-260,5,XGB,0.049382271067682004,0.0038664698313373093,0.06218094427826992,0.6027299870045647,0.564683872461319
164,0-208,209-260,5,ENet,0.048292835930372084,0.0031407843062526805,0.05604270074017383,0.5432309959408277,0.552226234551381
165,0-208,209-260,6,SNaive,0.0896710675270278,0.009997613784922548,0.099988068212775,0.9601463198641685,1.0
166,0-208,209-260,6,SARIMAX,0.04831062283671485,0.004061511954407473,0.06372999258126014,0.6119741978778395,0.538753738179302
167,0-208,209-260,6,RF,0.05277225275784447,0.004052173763239684,0.06365668671270666,0.6112702702875366,0.5885092506781896
168,0-208,209-260,6,XGB,0.05336554466814804,0.004040470372478054,0.0635646943867274,0.6103869039536979,0.5951255643528846
169,0-208,209-260,6,ENet,0.04875049460836431,0.0032331183292264062,0.056860516434749396,0.5460093046724692,0.543659130562602
170,0-208,209-260,7,SNaive,0.08950302824475011,0.009933917356426238,0.09966903910656627,0.9420418839178553,1.0
171,0-208,209-260,7,SARIMAX,0.06036882761827648,0.005784236758757278,0.07605416989723363,0.7188412182161641,0.6744892189926264
172,0-208,209-260,7,RF,0.05014318147720392,0.0036972449942896924,0.060804975078439856,0.5747103994172852,0.560240055119533
173,0-208,209-260,7,XGB,0.05012270809664311,0.0036354146182828034,0.0602943995598497,0.5698845926499425,0.5600113100037273
174,0-208,209-260,7,ENet,0.048324506556660034,0.003241422328657256,0.05693349039587557,0.538118286594541,0.5399203524657789
175,0-208,209-260,8,SNaive,0.08846472236372899,0.009776231824841032,0.09887482907616595,0.9288825047232536,1.0
176,0-208,209-260,8,SARIMAX,0.05400159335947298,0.004650880277852223,0.06819736268985936,0.6406821398606775,0.6104308239101413
177,0-208,209-260,8,RF,0.05249929777655982,0.00377513124057332,0.06144209664857898,0.5772195933346776,0.5934489633133672
178,0-208,209-260,8,XGB,0.05278212525939024,0.003792118506978124,0.06158017949777448,0.5785168167434912,0.5966460284854881
179,0-208,209-260,8,ENet,0.04898187170761806,0.0033300008398740905,0.05770615946217605,0.542122220994125,0.5536881866449048
180,0-260,261-312,0,SNaive,0.11973329512650707,0.0191988061935829,0.13855975676069476,0.6438943017933133,1.0
181,0-260,261-312,0,SARIMAX,0.10402952964334124,0.018145949177317697,0.13470690100109087,0.6259898833154062,0.8688437876317223
182,0-260,261-312,0,RF,0.10499084327558382,0.01721955585641346,0.13122330530974083,0.6098014353284051,0.876872578881699
183,0-260,261-312,0,XGB,0.1019346613103038,0.017057188218156365,0.13060317078140318,0.6069196383443679,0.8513476656814823
184,0-260,261-312,0,ENet,0.09519831103944823,0.014081828589413996,0.11866688076044636,0.5514510859397878,0.7950863704107047
185,0-260,261-312,1,SNaive,0.12173030933378616,0.019637605204070558,0.14013423994181634,0.6463813368824525,1.0
186,0-260,261-312,1,SARIMAX,0.10521682320447454,0.017956629887314814,0.13400235030518984,0.6180974640574816,0.8643436772674962
187,0-260,261-312,1,RF,0.10478013513412446,0.01735760970022291,0.1317482815835672,0.6077003765625745,0.8607563367543568
188,0-260,261-312,1,XGB,0.10254547772295959,0.017110010551303376,0.1308052390055665,0.6033505108726599,0.8423988921426175
189,0-260,261-312,1,ENet,0.09611760015383515,0.01424378426985035,0.11934732619480987,0.5504998941813039,0.7895946431079821
190,0-260,261-312,2,SNaive,0.12438886766287428,0.020341136938399326,0.14262235777885363,0.6623052281342031,1.0
191,0-260,261-312,2,SARIMAX,0.11268857873982872,0.02073917531034313,0.14401102496108809,0.6687538772047673,0.9059378130625295
192,0-260,261-312,2,RF,0.10098218672823897,0.016373843165047756,0.12796031871266872,0.5942181113604122,0.8118265615370548
193,0-260,261-312,2,XGB,0.09780102479101584,0.015811671430786576,0.12574446878804083,0.5839282170360076,0.7862522316392628
194,0-260,261-312,2,ENet,0.09389067952906748,0.013811217259923764,0.11752113537540285,0.5457409594650328,0.7548157748612624
195,0-260,261-312,3,SNaive,0.125994969434539,0.020583773954380078,0.14347046370030342,0.6651291003036933,1.0
196,0-260,261-312,3,SARIMAX,0.13646466219660577,0.026529692407169334,0.1628793799324191,0.7551088400939228,1.0830961173216231
197,0-260,261-312,3,RF,0.09789423758454777,0.01579632316041168,0.1256834243661895,0.5826683821583978,0.776969414127355
198,0-260,261-312,3,XGB,0.09361990026738712,0.015243929694240758,0.12346630995636323,0.572389839281736,0.7430447476399252
199,0-260,261-312,3,ENet,0.09409940681669514,0.013804001313580134,0.11749043073195423,0.5446856619232691,0.74685050711953
200,0-260,261-312,4,SNaive,0.12578270928850396,0.020882954047763504,0.14450935626375028,0.6702751946078823,1.0
201,0-260,261-312,4,SARIMAX,0.1165059422660602,0.021166081183023676,0.14548567346314095,0.6748036294285746,0.9262476768474917
202,0-260,261-312,4,RF,0.09818481681244938,0.015889418318059137,0.12605323604754912,0.5846704982099381,0.780590729583077
203,0-260,261-312,4,XGB,0.09507288139005812,0.015507416767733807,0.12452877887353513,0.577599635427056,0.7558501635705139
204,0-260,261-312,4,ENet,0.0942511288330661,0.013886422510522765,0.11784066577596533,0.5465782785825121,0.7493170513356106
205,0-260,261-312,5,SNaive,0.12496373889171902,0.020664365502399726,0.1437510539175269,0.6640719714163758,1.0
206,0-260,261-312,5,SARIMAX,0.11393323252932475,0.019892070340252963,0.1410392510624364,0.651544534441161,0.9117303430561389
207,0-260,261-312,5,RF,0.0951840351708718,0.014981726002241154,0.12239986112018736,0.565438060174549,0.7616932400954224
208,0-260,261-312,5,XGB,0.09399723097291483,0.014765303749498573,0.12151256622052953,0.56133911510816,0.7521960514830894
209,0-260,261-312,5,ENet,0.09680598087207905,0.014266249009481256,0.11944140408368137,0.5517711802245048,0.7746725708644278
210,0-260,261-312,6,SNaive,0.12339566706288561,0.02056994114594156,0.14342224773702844,0.6606016508309581,1.0
211,0-260,261-312,6,SARIMAX,0.11564882139505246,0.01997249887043106,0.14132409161367732,0.6509375616073098,0.9372194676504714
212,0-260,261-312,6,RF,0.10346590348642329,0.016306682950871697,0.12769762312146493,0.588174163857077,0.8384889514288568
213,0-260,261-312,6,XGB,0.10424135118145575,0.016468582044376238,0.12832997328908097,0.5910867633402221,0.8447731890645047
214,0-260,261-312,6,ENet,0.09749345043671201,0.014335803925648082,0.11973221757592266,0.5514855737955731,0.7900881186292128
215,0-260,261-312,7,SNaive,0.12840500650931114,0.02199273523510719,0.14829947820241038,0.6929344689764161,1.0
216,0-260,261-312,7,SARIMAX,0.11115934814767263,0.01865913586096202,0.13659844750568,0.6382609961456546,0.8656932558125141
217,0-260,261-312,7,RF,0.10776816078973238,0.017460531701964113,0.13213830520316247,0.6174208261368567,0.8392831690866952
218,0-260,261-312,7,XGB,0.11077420896915208,0.018435589961954914,0.1357777226276642,0.6344261306126322,0.8626938464515355
219,0-260,261-312,7,ENet,0.09929156119833518,0.01460353089114691,0.12084506978419479,0.5646527909224156,0.7732686123195296
220,0-260,261-312,8,SNaive,0.13101138421916567,0.022499424863576128,0.14999808286633576,0.698530180850552,1.0
221,0-260,261-312,8,SARIMAX,0.12032655258986363,0.021197930948040844,0.14559509245864313,0.6780257742141719,0.9184434872359821
222,0-260,261-312,8,RF,0.10721744660151271,0.017015868634616252,0.13044488734563825,0.6074723690287155,0.8183826714032066
223,0-260,261-312,8,XGB,0.11130823560688283,0.018086392883514216,0.13448566051261457,0.6262899562749422,0.8496073548896946
224,0-260,261-312,8,ENet,0.09982840747055124,0.014632268578317667,0.1209639143642337,0.563320166248622,0.7619826938363676
225,0-312,313-364,0,SNaive,0.1984977288164374,0.05853592751929573,0.2419419920544917,0.6305367868271563,1.0
226,0-312,313-364,0,SARIMAX,0.2305702415794775,0.06590044163981043,0.25671081325065065,0.6690265296914437,1.1615762203138327
227,0-312,313-364,0,RF,0.2509816496943129,0.08629658592885449,0.2937628055572293,0.7655895280206991,1.264405649328162
228,0-312,313-364,0,XGB,0.24949372060001884,0.0855217695236039,0.2924410530749811,0.7621448446234083,1.2569096991066353
229,0-312,313-364,0,ENet,0.25521241704887215,0.08798094333052223,0.2966158177348643,0.7730249017480493,1.2857195826400722
230,0-312,313-364,1,SNaive,0.2021450656591385,0.06067881737527245,0.24633070733319556,0.6300345977007488,1.0
231,0-312,313-364,1,SARIMAX,0.28319363472912923,0.10556337496835379,0.3249051784264969,0.8310027831972306,1.4009426042912005
232,0-312,313-364,1,RF,0.2589553551531832,0.0910552990096094,0.3017537058755193,0.7717887743034663,1.28103723090545
233,0-312,313-364,1,XGB,0.2586895544047134,0.09047686737782218,0.3007937289536173,0.769333462579076,1.2797223299079754
234,0-312,313-364,1,ENet,0.2611513799379806,0.09185897276024976,0.30308245208234963,0.7751872790653366,1.2919008390654454
235,0-312,313-364,2,SNaive,0.20630713335597445,0.0614989674018318,0.24798985342515892,0.6191111431281239,1.0
236,0-312,313-364,2,SARIMAX,0.3570459596194742,0.1584777325811148,0.3980926180942254,0.9938454031691423,1.730652517009221
237,0-312,313-364,2,RF,0.26470183004451503,0.09491265295617755,0.30807897194741735,0.769124711603029,1.2830473951076764
238,0-312,313-364,2,XGB,0.26347373299327653,0.09380410262882974,0.30627455432802403,0.7646199504622258,1.2770946341378486
239,0-312,313-364,2,ENet,0.2677528108950825,0.09516051568823734,0.3084809810802561,0.7701283346559168,1.297835932958683
240,0-312,313-364,3,SNaive,0.2162762848814173,0.06446490116407223,0.2538993918150893,0.6176414807436708,1.0
241,0-312,313-364,3,SARIMAX,0.337120158612744,0.1450968563739731,0.38091581271190766,0.9266245378539709,1.5587476860793337
242,0-312,313-364,3,RF,0.27513502191095013,0.10115629162264161,0.31805076893892525,0.7736975912969726,1.2721460518050078
243,0-312,313-364,3,XGB,0.2743586869795967,0.10040929636779941,0.31687425955384796,0.770835587597345,1.268556499988085
244,0-312,313-364,3,ENet,0.27785234116189633,0.10060386938104834,0.3171811302411421,0.7715820882657485,1.284710162809763
245,0-312,313-364,4,SNaive,0.22132807635704987,0.06760996635659766,0.2600191653640125,0.631360407435231,1.0
246,0-312,313-364,4,SARIMAX,0.3432044812980587,0.14831613769331103,0.38511834245243504,0.9351175066697709,1.5506594867991168
247,0-312,313-364,4,RF,0.27676504990441375,0.10157680164533654,0.31871115707696296,0.7738722093987422,1.2504742030917582
248,0-312,313-364,4,XGB,0.27628883559663964,0.10124830967858234,0.31819539543900116,0.7726198729510533,1.2483225813200771
249,0-312,313-364,4,ENet,0.2792478120929343,0.10086589432927061,0.317593914188025,0.7711593981158644,1.2616917685691509
250,0-312,313-364,5,SNaive,0.23773047914190298,0.07491707679386479,0.2737098405133889,0.6442462407580786,1.0
251,0-312,313-364,5,SARIMAX,0.33006406522877263,0.1419912718196164,0.37681729235747186,0.8869360473068704,1.3883960795441592
252,0-312,313-364,5,RF,0.28781385282164246,0.10773161878206475,0.32822495149221176,0.7725615225423959,1.2106729177534041
253,0-312,313-364,5,XGB,0.2879970545932738,0.10745016938498846,0.3277959264313522,0.7715517021350209,1.2114435457868502
254,0-312,313-364,5,ENet,0.29296119937839277,0.1111866171411185,0.3334465731434625,0.7848519470049198,1.2323249439274557
255,0-312,313-364,6,SNaive,0.24817810041319976,0.08042535900143685,0.2835936512008632,0.6479350688518065,1.0
256,0-312,313-364,6,SARIMAX,0.3485866039651373,0.15617205122613478,0.3951860969545042,0.9028937349451988,1.4045824485914113
257,0-312,313-364,6,RF,0.2990748247693445,0.11732672327664025,0.34252988669113277,0.7825884845349635,1.2050814486508081
258,0-312,313-364,6,XGB,0.2981428957091495,0.11651770239222169,0.3413468945108798,0.7798856662013456,1.2013263668823386
259,0-312,313-364,6,ENet,0.3059723593208444,0.12062284022843231,0.34730799044714233,0.7935051639917204,1.232874128746336
260,0-312,313-364,7,SNaive,0.2576502094300107,0.08559113105497448,0.29255961965892435,0.6478464786535774,1.0
261,0-312,313-364,7,SARIMAX,0.45308285817328253,0.2398953374431475,0.48979111613334464,1.0845975607731597,1.7585192698877274
262,0-312,313-364,7,RF,0.30800079664220587,0.12196694879181032,0.34923766805974743,0.7733548250078627,1.1954222638653536
263,0-312,313-364,7,XGB,0.30569933157625273,0.12033154296389248,0.3468883724829826,0.7681525251535701,1.1864897461272754
264,0-312,313-364,7,ENet,0.31422043216938655,0.1267114548071308,0.3559655247452073,0.7882530473518845,1.219562106565036
265,0-312,313-364,8,SNaive,0.2678342743533141,0.09116390405589678,0.3019336086888917,0.654789247227972,1.0
266,0-312,313-364,8,SARIMAX,0.3772607242745315,0.17876666853303927,0.42280807529308057,0.9169240302371462,1.4085602941797781
267,0-312,313-364,8,RF,0.31605771420041545,0.12690868267970593,0.3562424492950074,0.7725662811021436,1.1800495472938886
268,0-312,313-364,8,XGB,0.31507461611366,0.12549955380569297,0.3542591619220214,0.7682652188532823,1.1763790010610395
269,0-312,313-364,8,ENet,0.3231432497677457,0.13171991861493054,0.3629323884898268,0.7870744382708618,1.2065044720208986
270,0-364,365-389,0,SNaive,0.46009933774834444,0.25357582696178044,0.503563131058838,0.8959060228825637,1.0
271,0-364,365-389,0,SARIMAX,0.23935953823221098,0.08261616009403859,0.28743026996828047,0.5113768148233541,0.520234476762344
272,0-364,365-389,0,RF,0.4134049185953753,0.2135885878105689,0.4621564538233442,0.8222380173539803,0.8985123095775698
273,0-364,365-389,0,XGB,0.4132920727153488,0.2131559412696217,0.4616881428731105,0.8214048296660453,0.8982670454122729
274,0-364,365-389,0,ENet,0.40923073657617,0.20961325481784812,0.457835401446686,0.8145502884265288,0.8894399600288112
275,0-364,365-389,1,SNaive,0.46716335540838855,0.2575124392150875,0.5074568348294143,0.9465775933638148,1.0
276,0-364,365-389,1,SARIMAX,0.21701016980995252,0.07583443043294039,0.27538051934176533,0.5136772457610738,0.4645273806209497
277,0-364,365-389,1,RF,0.39860426368170304,0.20636879125138946,0.4542783191518053,0.847381784116921,0.8532438579932025
278,0-364,365-389,1,XGB,0.4017269121447059,0.21105183302580324,0.4594037799428769,0.8569424915653173,0.8599281332619103
279,0-364,365-389,1,ENet,0.37820725206155764,0.18225905309975338,0.4269180871077652,0.7963457534152575,0.8095824462321825
280,0-364,365-389,2,SNaive,0.4721891096394408,0.2551383047960318,0.5051121705087215,0.9851356401308149,1.0
281,0-364,365-389,2,SARIMAX,0.24499721701056668,0.0839200225010642,0.2896895277725175,0.5649903032309631,0.5188540184623154
282,0-364,365-389,2,RF,0.384858030587856,0.19785676964739946,0.44481093696917956,0.8675283089833096,0.8150506285113819
283,0-364,365-389,2,XGB,0.3952503363501947,0.20967840733120383,0.45790654868783415,0.8930690791064453,0.8370594075157815
284,0-364,365-389,2,ENet,0.385186523630913,0.19307978064697132,0.4394084439868803,0.8569916624854448,0.815746309619546
285,0-364,365-389,3,SNaive,0.46991537895511404,0.26085682987290465,0.5107414511011463,1.0525322153087897,1.0
286,0-364,365-389,3,SARIMAX,0.24165435585705733,0.09554416473935086,0.30910219141790446,0.6369955162019124,0.5142507921200424
287,0-364,365-389,3,RF,0.3880945386986695,0.20025628332689785,0.4475000372367558,0.9222047760722887,0.8258817567571884
288,0-364,365-389,3,XGB,0.4021312858213652,0.21316722440538918,0.4617003621456119,0.9514687009058792,0.855752554248233
289,0-364,365-389,3,ENet,0.3724908087184169,0.184920424452592,0.4300237487076638,0.8861897695729278,0.7926763528077614
290,0-364,365-389,4,SNaive,0.47705298013245034,0.2531727932457478,0.5031627900051313,1.053139530747924,1.0
291,0-364,365-389,4,SARIMAX,0.4018353986258347,0.22495529901877265,0.47429452771328984,0.9927171211273162,0.842328662351649
292,0-364,365-389,4,RF,0.40356379427272915,0.21173235267925647,0.4601438391190916,0.9630991727378856,0.8459517308972319
293,0-364,365-389,4,XGB,0.41117745467720007,0.2253427542156546,0.4747028062015798,0.9935716640786497,0.8619115104637636
294,0-364,365-389,4,ENet,0.3819364185784528,0.188263326258143,0.433893219880356,0.9081555930931299,0.8006163560123047
295,0-364,365-389,5,SNaive,0.4633296541574687,0.2516613891880419,0.5016586381076696,1.133112428325269,1.0
296,0-364,365-389,5,SARIMAX,0.27873741189431855,0.10812811191482374,0.3288283928051587,0.742735219469656,0.6015963135387531
297,0-364,365-389,5,RF,0.39897123839141707,0.21111877982963506,0.45947663687029294,1.0378345915197462,0.8610958413981019
298,0-364,365-389,5,XGB,0.41172075624365945,0.22375356331058388,0.4730259647319414,1.0684388921920145,0.888613004907583
299,0-364,365-389,5,ENet,0.3628439201181966,0.17085399325160452,0.41334488414833986,0.9336353245703071,0.7831225928718115
300,0-364,365-389,6,SNaive,0.44955114054451806,0.24193390116228386,0.49186776796440307,1.2037715028293499,1.0
301,0-364,365-389,6,SARIMAX,0.2938117336892485,0.11340976941233233,0.33676366997099366,0.8241778288847916,0.65356687413443
302,0-364,365-389,6,RF,0.3749289090636083,0.19845270324816278,0.44548030624053714,1.0902452501479214,0.8340072468940382
303,0-364,365-389,6,XGB,0.3957173130881093,0.21651754001714696,0.4653144528350124,1.138786305302194,0.8802498256567592
304,0-364,365-389,6,ENet,0.34506194537224333,0.1546410413064043,0.3932442514600872,0.962405456080567,0.7675699475576631
305,0-364,365-389,7,SNaive,0.44640912435614416,0.23649162594937082,0.4863040468157455,1.2807767359281368,1.0
306,0-364,365-389,7,SARIMAX,0.26367261561454053,0.1003678106243843,0.3168087918988113,0.8343778610487972,0.590652388646481
307,0-364,365-389,7,RF,0.354850174608014,0.18227072642843198,0.4269317585146741,1.1244082127526713,0.7948990180696113
308,0-364,365-389,7,XGB,0.38546471117501574,0.20357932100934062,0.4511976518216164,1.1883171845729728,0.8634785674037722
309,0-364,365-389,7,ENet,0.3332168508923183,0.1454429291052226,0.38136980623172384,1.0044119081576977,0.7464382619260234
310,0-364,365-389,8,SNaive,0.43849153789551143,0.23961965013582356,0.48950960167888796,1.388513058059525,1.0
311,0-364,365-389,8,SARIMAX,0.254620856680164,0.09111242162189571,0.3018483420890294,0.8562045833355756,0.5806745049224595
312,0-364,365-389,8,RF,0.3272433999008309,0.1565075958180965,0.3956104091376976,1.1221643397963517,0.7462935350392327
313,0-364,365-389,8,XGB,0.3518745507463275,0.1763231213699244,0.41990846784736835,1.1910867300582828,0.8024660006783895
314,0-364,365-389,8,ENet,0.3236456083385313,0.13803876484980676,0.3715356844904763,1.0538754453043848,0.7380886068904097
